14 47
0 0
37 10
28 5
35 8
77 8
68 4
32 8
23 7
75 10
20 12
77 5
49 10
33 6
23 1
0 0 13 14 17 15 18 8 15 1 18 4 10 0
17 0 14 7 19 16 17 2 13 6 12 0 4 17
12 1 0 10 20 13 6 1 18 18 17 19 9 20
1 17 17 0 7 2 12 7 14 12 1 20 11 1
6 6 18 9 0 0 3 0 0 0 8 20 10 0
0 6 10 11 4 0 0 14 9 0 17 20 1 13
0 6 17 18 17 17 0 13 11 14 0 7 10 0
0 10 14 5 0 2 7 0 19 20 13 4 14 16
0 10 1 13 1 0 19 11 0 9 13 12 18 18
2 0 0 7 11 9 11 0 20 0 16 0 4 14
0 5 11 0 13 0 19 0 10 4 0 9 0 0
20 3 2 19 4 8 0 14 13 18 10 0 16 7
2 0 10 11 11 3 20 4 20 18 16 9 0 7
8 9 0 3 11 13 2 11 19 10 4 19 3 0
