18 1400
0 0
99 32
102 29
100 32
101 32
98 32
98 31
100 32
99 29
101 32
102 31
101 29
99 29
102 31
98 28
99 32
98 30
98 30
0 102 103 108 94 93 105 103 99 102 107 108 100 90 109 95 100 99
108 0 110 108 93 110 0 92 94 103 93 109 102 100 98 91 92 107
96 0 0 98 91 0 101 0 102 106 109 93 106 110 97 0 98 107
103 0 102 0 110 110 104 101 98 90 90 0 104 109 101 101 98 102
90 0 94 97 0 98 95 110 93 100 97 95 110 108 97 91 96 108
98 110 109 94 106 0 98 110 103 91 0 90 109 0 97 104 106 0
97 108 0 97 106 0 0 103 90 93 99 90 103 109 94 107 91 96
93 98 0 90 108 91 97 0 106 91 90 94 91 91 92 105 100 102
108 98 100 94 102 108 101 110 0 102 91 103 110 100 103 97 98 92
97 90 0 107 98 93 0 106 93 0 108 108 105 102 92 102 90 93
93 99 92 108 97 93 0 100 95 97 0 0 104 102 109 101 92 97
93 95 108 106 94 94 105 106 0 95 96 0 106 97 107 0 103 108
98 99 105 96 101 105 94 105 96 110 105 0 0 102 91 97 110 92
108 97 98 109 91 98 91 103 92 98 99 104 100 0 100 102 96 105
107 98 103 106 93 101 101 99 110 0 93 100 107 105 0 91 108 110
110 101 110 93 0 100 110 107 95 99 92 95 107 102 98 0 91 91
98 106 100 0 92 93 108 93 93 96 102 94 94 96 95 96 0 101
90 104 102 108 105 0 99 105 96 90 97 106 96 106 106 0 0 0
