20 2200
0 0
327 70
29 88
899 27
65 24
857 28
532 74
894 35
172 27
112 26
22 37
323 89
828 43
896 44
530 28
169 46
147 74
130 78
377 43
73 30
0 204 157 143 88 177 157 195 241 212 294 112 159 218 87 234 89 240 257 235
244 0 0 168 0 188 226 85 143 133 293 112 210 105 0 0 176 0 167 0
115 238 0 194 0 142 177 226 102 201 0 259 292 293 213 172 193 85 123 98
83 215 95 0 0 88 0 108 158 191 287 189 149 96 259 282 202 205 246 76
146 0 0 136 0 112 127 269 232 277 264 0 0 0 128 196 77 0 190 247
158 255 0 0 126 0 190 122 226 0 237 234 239 169 262 297 272 92 0 0
172 91 113 0 221 0 0 0 281 191 159 210 73 255 204 105 293 293 134 198
220 209 103 259 187 278 0 0 294 206 200 182 225 274 106 255 85 202 193 97
100 118 267 185 264 0 153 199 0 121 185 276 133 294 0 0 0 0 184 101
150 131 124 270 268 253 163 296 189 0 94 194 240 0 180 0 177 151 163 211
250 154 145 86 271 294 137 269 263 178 0 0 136 207 0 249 141 246 299 74
275 225 0 290 72 211 138 81 131 0 0 0 116 149 205 144 242 158 0 0
74 211 0 132 0 279 238 283 0 0 125 0 0 283 0 105 158 0 0 230
135 84 285 199 142 247 187 138 137 154 0 132 295 0 161 155 191 237 199 93
92 220 75 231 219 0 0 298 295 265 196 255 107 283 0 201 257 199 204 215
111 0 0 298 247 91 104 96 185 230 206 195 186 261 0 0 0 204 258 277
137 263 259 187 167 245 81 234 223 135 247 215 193 138 0 125 0 144 143 189
298 149 0 0 187 199 0 138 123 93 204 162 279 141 0 129 294 0 76 195
173 106 166 285 153 284 120 259 165 169 0 162 0 288 96 239 108 138 0 150
165 179 0 0 294 0 254 257 227 234 0 210 190 142 259 237 237 193 170 0
